            CPU0       CPU1       CPU2       CPU3       CPU4       CPU5       CPU6       CPU7       CPU8       CPU9       CPU10      CPU11      CPU12      CPU13      CPU14      CPU15      CPU16      CPU17      CPU18      CPU19      CPU20      CPU21      CPU22      CPU23      CPU24      CPU25      CPU26      CPU27      CPU28      CPU29      CPU30      CPU31      CPU32      CPU33      CPU34      CPU35      CPU36      CPU37      CPU38      CPU39
   0:         73          0          0          0          0          0          0          0          0          0          0          0          0          0          0          0          0          0          0          0          0          0          0          0          0          0          0          0          0          0          0          0          0          0          0          0          0          0          0          0  IR-IO-APIC    2-edge      timer
   3:        624          0          0          0          0          0          0          0          0          0        284          0          0          0          0          0          0          0          0          0          0          0          0          0          0          0          0          0          0          0          0          0          0          0          0          0          0          0          0          0  IR-IO-APIC    3-edge      ttyS1
   8:        124          0          0          0          0          0          0          0          0          0      83885          0          0          0          0          0          0          0          0          0          0          0          0          0          0          0          0          0          0          0          0          0          0          0          0          0          0          0          0          0  IR-IO-APIC    8-edge      rtc0
   9:          1          0          0          0          0          0          0          0          0          0          0          0          0          0          0          0          0          0          0          0          0          0          0          0          0          0          0          0          0          0          0          0          0          0          0          0          0          0          0          0  IR-IO-APIC    9-fasteoi   acpi
  16:         73          0          0          0          0          0          0          0          0          0          0          0          0          0          0          0          0          0          0          0          0          0          0          0          0          0          0          0          0          0          0          0          0          0          0          0          0          0          0          0  IR-IO-APIC   16-fasteoi   ehci_hcd:usb1
  23:         35          0          0          0          0          0          0          0          0          0          0          0          0          0          0          0          0          0          0          0          0          0          0          0          0          0          0          0          0          0          0          0          0          0          0          0          0          0          0          0  IR-IO-APIC   23-fasteoi   ehci_hcd:usb2
  27:       7608          0          0          0          0          0          0    3978435          0          0          0          0          0          0          0          0          0          0          0          0          0          0          0          0          0          0          0          0          0          0          0          0          0          0          0          0          0          0          0          0  IR-PCI-MSI 512000-edge      ahci[0000:00:1f.2]
  29:          2          0          0          0          0          0          0          0          0          0          0          0          0          0          0          0          0          0          0          0          0          0          0          0          0          0          0          0          0          0          0          0          0          0          0          0          0          0          0          0  IR-PCI-MSI 65536-edge      ioat-msix
  31:          2          0          0          0          0          0          0          0          0          0          0          0          0          0          0          0          0          0          0          0          0          0          0          0          0          0          0          0          0          0          0          0          0          0          0          0          0          0          0          0  IR-PCI-MSI 67584-edge      ioat-msix
  32:          2          0          0          0          0          0          0          0          0          0          0          0          0          0          0          0          0          0          0          0          0          0          0          0          0          0          0          0          0          0          0          0          0          0          0          0          0          0          0          0  IR-PCI-MSI 69632-edge      ioat-msix
  33:          2          0          0          0          0          0          0          0          0          0          0          0          0          0          0          0          0          0          0          0          0          0          0          0          0          0          0          0          0          0          0          0          0          0          0          0          0          0          0          0  IR-PCI-MSI 71680-edge      ioat-msix
  34:          2          0          0          0          0          0          0          0          0          0          0          0          0          0          0          0          0          0          0          0          0          0          0          0          0          0          0          0          0          0          0          0          0          0          0          0          0          0          0          0  IR-PCI-MSI 73728-edge      ioat-msix
  35:          2          0          0          0          0          0          0          0          0          0          0          0          0          0          0          0          0          0          0          0          0          0          0          0          0          0          0          0          0          0          0          0          0          0          0          0          0          0          0          0  IR-PCI-MSI 75776-edge      ioat-msix
  36:          2          0          0          0          0          0          0          0          0          0          0          0          0          0          0          0          0          0          0          0          0          0          0          0          0          0          0          0          0          0          0          0          0          0          0          0          0          0          0          0  IR-PCI-MSI 77824-edge      ioat-msix
  37:          2          0          0          0          0          0          0          0          0          0          0          0          0          0          0          0          0          0          0          0          0          0          0          0          0          0          0          0          0          0          0          0          0          0          0          0          0          0          0          0  IR-PCI-MSI 79872-edge      ioat-msix
  39:          0          0          0          0          0          0          0          0          0          0          2          0          0          0          0          0          0          0          0          0          0          0          0          0          0          0          0          0          0          0          0          0          0          0          0          0          0          0          0          0  IR-PCI-MSI 67174400-edge      ioat-msix
  41:          0          0          0          0          0          0          0          0          0          0          2          0          0          0          0          0          0          0          0          0          0          0          0          0          0          0          0          0          0          0          0          0          0          0          0          0          0          0          0          0  IR-PCI-MSI 67176448-edge      ioat-msix
  42:          0          0          0          0          0          0          0          0          0          0          2          0          0          0          0          0          0          0          0          0          0          0          0          0          0          0          0          0          0          0          0          0          0          0          0          0          0          0          0          0  IR-PCI-MSI 67178496-edge      ioat-msix
  43:          0          0          0          0          0          0          0          0          0          0          2          0          0          0          0          0          0          0          0          0          0          0          0          0          0          0          0          0          0          0          0          0          0          0          0          0          0          0          0          0  IR-PCI-MSI 67180544-edge      ioat-msix
  44:          0          0          0          0          0          0          0          0          0          0          2          0          0          0          0          0          0          0          0          0          0          0          0          0          0          0          0          0          0          0          0          0          0          0          0          0          0          0          0          0  IR-PCI-MSI 67182592-edge      ioat-msix
  45:          0          0          0          0          0          0          0          0          0          0          2          0          0          0          0          0          0          0          0          0          0          0          0          0          0          0          0          0          0          0          0          0          0          0          0          0          0          0          0          0  IR-PCI-MSI 67184640-edge      ioat-msix
  46:          0          0          0          0          0          0          0          0          0          0          2          0          0          0          0          0          0          0          0          0          0          0          0          0          0          0          0          0          0          0          0          0          0          0          0          0          0          0          0          0  IR-PCI-MSI 67186688-edge      ioat-msix
  47:          0          0          0          0          0          0          0          0          0          0          2          0          0          0          0          0          0          0          0          0          0          0          0          0          0          0          0          0          0          0          0          0          0          0          0          0          0          0          0          0  IR-PCI-MSI 67188736-edge      ioat-msix
  48:          1          0          0          0          0          0          0          0          0          0          0          0          0          0          0          0          0          0          0          0          0          0          0          0          0          0          0          0          0          0          0          0          0          0          0          0          0          0          0          0  IR-PCI-MSI 2621440-edge      isci-msix
  49:          0          0          0          0          0          0          0          0          0          0          0          0          0          0          0          0          0          0          0          0          0          0          0          0          0          0          0          0          0          0          0          0          0          0          0          0          0          0          0          0  IR-PCI-MSI 2621441-edge      isci-msix
  68:    2633918          0          0          0          0          0          0          0          0          0          0          0          0          0          0          0          0          0          0          0          0          0          0          0          0          0          0          0          0          0          0          0          0          0          0          0          0          0          0          0  IR-PCI-MSI 1048576-edge      enp2s0f0-TxRx-0
  69:          0    1149390          0          0          0          0          0          0          0          0          0          0          0          0          0          0          0          0          0          0          0          0          0          0          0          0          0          0          0          0          0          0          0          0          0          0          0          0          0          0  IR-PCI-MSI 1048577-edge      enp2s0f0-TxRx-1
  70:          0          0    1159679          0          0          0          0          0          0          0          0          0          0          0          0          0          0          0          0          0          0          0          0          0          0          0          0          0          0          0          0          0          0          0          0          0          0          0          0          0  IR-PCI-MSI 1048578-edge      enp2s0f0-TxRx-2
  71:          0          0          0    1183547          0          0          0          0          0          0          0          0          0          0          0          0          0          0          0          0          0          0          0          0          0          0          0          0          0          0          0          0          0          0          0          0          0          0          0          0  IR-PCI-MSI 1048579-edge      enp2s0f0-TxRx-3
  72:          0          0          0          0          0          0          0          0          0          0          0          0          0          0          0          0          0          0          0          0          0          0          0          0          0          0          0          0          0          0          0          0          0          0          0          0          0          0          0          0  DMAR-MSI    0-edge      dmar0
  73:          0          0          0          0          0          0          0          0          0          0          0          0          0          0          0          0          0          0          0          0          0          0          0          0          0          0          0          0          0          0          0          0          0          0          0          0          0          0          0          0  DMAR-MSI    1-edge      dmar1
  74:          0          0          0          0    1143779          0          0          0          0          0          0          0          0          0          0          0          0          0          0          0          0          0          0          0          0          0          0          0          0          0          0          0          0          0          0          0          0          0          0          0  IR-PCI-MSI 1048580-edge      enp2s0f0-TxRx-4
  75:          0          0          0          0          0    1160629          0          0          0          0          0          0          0          0          0          0          0          0          0          0          0          0          0          0          0          0          0          0          0          0          0          0          0          0          0          0          0          0          0          0  IR-PCI-MSI 1048581-edge      enp2s0f0-TxRx-5
  76:          0          0          0          0          0          0    1149258          0          0          0          0          0          0          0          0          0          0          0          0          0          0          0          0          0          0          0          0          0          0          0          0          0          0          0          0          0          0          0          0          0  IR-PCI-MSI 1048582-edge      enp2s0f0-TxRx-6
  77:          0          0          0          0          0          0          0    1255517          0          0          0          0          0          0          0          0          0          0          0          0          0          0          0          0          0          0          0          0          0          0          0          0          0          0          0          0          0          0          0          0  IR-PCI-MSI 1048583-edge      enp2s0f0-TxRx-7
  78:          0          0          0          0          0          0          0          0    1162785          0          0          0          0          0          0          0          0          0          0          0          0          0          0          0          0          0          0          0          0          0          0          0          0          0          0          0          0          0          0          0  IR-PCI-MSI 1048584-edge      enp2s0f0-TxRx-8
  79:          0          0          0          0          0          0          0          0          0    1138256          0          0          0          0          0          0          0          0          0          0          0          0          0          0          0          0          0          0          0          0          0          0          0          0          0          0          0          0          0          0  IR-PCI-MSI 1048585-edge      enp2s0f0-TxRx-9
  80:          0          0          0          0          0          0          0          0          0          0    1602770          0          0          0          0          0          0          0          0          0          0          0          0          0          0          0          0          0          0          0          0          0          0          0          0          0          0          0          0          0  IR-PCI-MSI 1048586-edge      enp2s0f0-TxRx-10
  81:          0          0          0          0          0          0          0          0          0          0          0    1220223          0          0          0          0          0          0          0          0          0          0          0          0          0          0          0          0          0          0          0          0          0          0          0          0          0          0          0          0  IR-PCI-MSI 1048587-edge      enp2s0f0-TxRx-11
  82:          0          0          0          0          0          0          0          0          0          0          0          0    1224277          0          0          0          0          0          0          0          0          0          0          0          0          0          0          0          0          0          0          0          0          0          0          0          0          0          0          0  IR-PCI-MSI 1048588-edge      enp2s0f0-TxRx-12
  83:          0          0          0          0          0          0          0          0          0          0          0          0          0    1278720          0          0          0          0          0          0          0          0          0          0          0          0          0          0          0          0          0          0          0          0          0          0          0          0          0          0  IR-PCI-MSI 1048589-edge      enp2s0f0-TxRx-13
  84:          0          0          0          0          0          0          0          0          0          0          0          0          0          0    1247049          0          0          0          0          0          0          0          0          0          0          0          0          0          0          0          0          0          0          0          0          0          0          0          0          0  IR-PCI-MSI 1048590-edge      enp2s0f0-TxRx-14
  85:          0          0          0          0          0          0          0          0          0          0          0          0          0          0          0    1222129          0          0          0          0          0          0          0          0          0          0          0          0          0          0          0          0          0          0          0          0          0          0          0          0  IR-PCI-MSI 1048591-edge      enp2s0f0-TxRx-15
  86:          0          0          0          0          0          0          0          0          0          0          0          0          0          0          0          0     188522          0          0          0          0          0          0          0          0          0          0          0          0          0          0          0          0          0          0          0          0          0          0          0  IR-PCI-MSI 1048592-edge      enp2s0f0-TxRx-16
  87:          0          0          0          0          0          0          0          0          0          0          0          0          0          0          0          0          0     170252          0          0          0          0          0          0          0          0          0          0          0          0          0          0          0          0          0          0          0          0          0          0  IR-PCI-MSI 1048593-edge      enp2s0f0-TxRx-17
  88:          0          0          0          0          0          0          0          0          0          0          0          0          0          0          0          0          0          0     159485          0          0          0          0          0          0          0          0          0          0          0          0          0          0          0          0          0          0          0          0          0  IR-PCI-MSI 1048594-edge      enp2s0f0-TxRx-18
  89:          0          0          0          0          0          0          0          0          0          0          0          0          0          0          0          0          0          0          0     162718          0          0          0          0          0          0          0          0          0          0          0          0          0          0          0          0          0          0          0          0  IR-PCI-MSI 1048595-edge      enp2s0f0-TxRx-19
  90:          0          0          0          0          0          0          0          0          0          0          0          0          0          0          0          0          0          0          0          0     198291          0          0          0          0          0          0          0          0          0          0          0          0          0          0          0          0          0          0          0  IR-PCI-MSI 1048596-edge      enp2s0f0-TxRx-20
  91:          0          0          0          0          0          0          0          0          0          0          0          0          0          0          0          0          0          0          0          0          0     179495          0          0          0          0          0          0          0          0          0          0          0          0          0          0          0          0          0          0  IR-PCI-MSI 1048597-edge      enp2s0f0-TxRx-21
  92:          0          0          0          0          0          0          0          0          0          0          0          0          0          0          0          0          0          0          0          0          0          0     173702          0          0          0          0          0          0          0          0          0          0          0          0          0          0          0          0          0  IR-PCI-MSI 1048598-edge      enp2s0f0-TxRx-22
  93:          0          0          0          0          0          0          0          0          0          0          0          0          0          0          0          0          0          0          0          0          0          0          0     169296          0          0          0          0          0          0          0          0          0          0          0          0          0          0          0          0  IR-PCI-MSI 1048599-edge      enp2s0f0-TxRx-23
  94:          0          0          0          0          0          0          0          0          0          0          0          0          0          0          0          0          0          0          0          0          0          0          0          0     165986          0          0          0          0          0          0          0          0          0          0          0          0          0          0          0  IR-PCI-MSI 1048600-edge      enp2s0f0-TxRx-24
  95:          0          0          0          0          0          0          0          0          0          0          0          0          0          0          0          0          0          0          0          0          0          0          0          0          0     163789          0          0          0          0          0          0          0          0          0          0          0          0          0          0  IR-PCI-MSI 1048601-edge      enp2s0f0-TxRx-25
  96:          0          0          0          0          0          0          0          0          0          0          0          0          0          0          0          0          0          0          0          0          0          0          0          0          0          0     162418          0          0          0          0          0          0          0          0          0          0          0          0          0  IR-PCI-MSI 1048602-edge      enp2s0f0-TxRx-26
  97:          0          0          0          0          0          0          0          0          0          0          0          0          0          0          0          0          0          0          0          0          0          0          0          0          0          0          0     156272          0          0          0          0          0          0          0          0          0          0          0          0  IR-PCI-MSI 1048603-edge      enp2s0f0-TxRx-27
  98:          0          0          0          0          0          0          0          0          0          0          0          0          0          0          0          0          0          0          0          0          0          0          0          0          0          0          0          0     164317          0          0          0          0          0          0          0          0          0          0          0  IR-PCI-MSI 1048604-edge      enp2s0f0-TxRx-28
  99:          0          0          0          0          0          0          0          0          0          0          0          0          0          0          0          0          0          0          0          0          0          0          0          0          0          0          0          0          0     160706          0          0          0          0          0          0          0          0          0          0  IR-PCI-MSI 1048605-edge      enp2s0f0-TxRx-29
 100:          0          0          0          0          0          0          0          0          0          0          0          0          0          0          0          0          0          0          0          0          0          0          0          0          0          0          0          0          0          0     162231          0          0          0          0          0          0          0          0          0  IR-PCI-MSI 1048606-edge      enp2s0f0-TxRx-30
 101:          0          0          0          0          0          0          0          0          0          0          0          0          0          0          0          0          0          0          0          0          0          0          0          0          0          0          0          0          0          0          0     157741          0          0          0          0          0          0          0          0  IR-PCI-MSI 1048607-edge      enp2s0f0-TxRx-31
 102:          0          0          0          0          0          0          0          0          0          0          0          0          0          0          0          0          0          0          0          0          0          0          0          0          0          0          0          0          0          0          0          0     157788          0          0          0          0          0          0          0  IR-PCI-MSI 1048608-edge      enp2s0f0-TxRx-32
 103:          0          0          0          0          0          0          0          0          0          0          0          0          0          0          0          0          0          0          0          0          0          0          0          0          0          0          0          0          0          0          0          0          0     154185          0          0          0          0          0          0  IR-PCI-MSI 1048609-edge      enp2s0f0-TxRx-33
 104:          0          0          0          0          0          0          0          0          0          0          0          0          0          0          0          0          0          0          0          0          0          0          0          0          0          0          0          0          0          0          0          0          0          0     151230          0          0          0          0          0  IR-PCI-MSI 1048610-edge      enp2s0f0-TxRx-34
 105:          0          0          0          0          0          0          0          0          0          0          0          0          0          0          0          0          0          0          0          0          0          0          0          0          0          0          0          0          0          0          0          0          0          0          0     148895          0          0          0          0  IR-PCI-MSI 1048611-edge      enp2s0f0-TxRx-35
 106:          0          0          0          0          0          0          0          0          0          0          0          0          0          0          0          0          0          0          0          0          0          0          0          0          0          0          0          0          0          0          0          0          0          0          0          0     152739          0          0          0  IR-PCI-MSI 1048612-edge      enp2s0f0-TxRx-36
 107:          0          0          0          0          0          0          0          0          0          0          0          0          0          0          0          0          0          0          0          0          0          0          0          0          0          0          0          0          0          0          0          0          0          0          0          0          0     151427          0          0  IR-PCI-MSI 1048613-edge      enp2s0f0-TxRx-37
 108:          0          0          0          0          0          0          0          0          0          0          0          0          0          0          0          0          0          0          0          0          0          0          0          0          0          0          0          0          0          0          0          0          0          0          0          0          0          0     146238          0  IR-PCI-MSI 1048614-edge      enp2s0f0-TxRx-38
 109:          0          0          0          0          0          0          0          0          0          0          0          0          0          0          0          0          0          0          0          0          0          0          0          0          0          0          0          0          0          0          0          0          0          0          0          0          0          0          0     146627  IR-PCI-MSI 1048615-edge      enp2s0f0-TxRx-39
 110:        313          0          0          0          0          0          0          0          0          0          0          0          0          0          0          0          0          0          0          0          0          0          0          0          0          0          0          0          0          0          0          0          0          0          0          0          0          0          0          0  IR-PCI-MSI 1048616-edge      enp2s0f0
 112:    2333180          0          0          0          0          0          0          0          0          0          0          0          0          0          0          0          0          0          0          0          0          0          0          0          0          0          0          0          0          0          0          0          0          0          0          0          0          0          0          0  IR-PCI-MSI 1050624-edge      enp2s0f1-TxRx-0
 113:          0    1106143          0          0          0          0          0          0          0          0          0          0          0          0          0          0          0          0          0          0          0          0          0          0          0          0          0          0          0          0          0          0          0          0          0          0          0          0          0          0  IR-PCI-MSI 1050625-edge      enp2s0f1-TxRx-1
 114:          0          0    1119707          0          0          0          0          0          0          0          0          0          0          0          0          0          0          0          0          0          0          0          0          0          0          0          0          0          0          0          0          0          0          0          0          0          0          0          0          0  IR-PCI-MSI 1050626-edge      enp2s0f1-TxRx-2
 115:          0          0          0    1129981          0          0          0          0          0          0          0          0          0          0          0          0          0          0          0          0          0          0          0          0          0          0          0          0          0          0          0          0          0          0          0          0          0          0          0          0  IR-PCI-MSI 1050627-edge      enp2s0f1-TxRx-3
 116:          0          0          0          0    1094604          0          0          0          0          0          0          0          0          0          0          0          0          0          0          0          0          0          0          0          0          0          0          0          0          0          0          0          0          0          0          0          0          0          0          0  IR-PCI-MSI 1050628-edge      enp2s0f1-TxRx-4
 117:          0          0          0          0          0    1124431          0          0          0          0          0          0          0          0          0          0          0          0          0          0          0          0          0          0          0          0          0          0          0          0          0          0          0          0          0          0          0          0          0          0  IR-PCI-MSI 1050629-edge      enp2s0f1-TxRx-5
 118:          0          0          0          0          0          0    1103730          0          0          0          0          0          0          0          0          0          0          0          0          0          0          0          0          0          0          0          0          0          0          0          0          0          0          0          0          0          0          0          0          0  IR-PCI-MSI 1050630-edge      enp2s0f1-TxRx-6
 119:          0          0          0          0          0          0          0    1218314          0          0          0          0          0          0          0          0          0          0          0          0          0          0          0          0          0          0          0          0          0          0          0          0          0          0          0          0          0          0          0          0  IR-PCI-MSI 1050631-edge      enp2s0f1-TxRx-7
 120:          0          0          0          0          0          0          0          0    1136216          0          0          0          0          0          0          0          0          0          0          0          0          0          0          0          0          0          0          0          0          0          0          0          0          0          0          0          0          0          0          0  IR-PCI-MSI 1050632-edge      enp2s0f1-TxRx-8
 121:          0          0          0          0          0          0          0          0          0    1101791          0          0          0          0          0          0          0          0          0          0          0          0          0          0          0          0          0          0          0          0          0          0          0          0          0          0          0          0          0          0  IR-PCI-MSI 1050633-edge      enp2s0f1-TxRx-9
 122:          0          0          0          0          0          0          0          0          0          0    2240252          0          0          0          0          0          0          0          0          0          0          0          0          0          0          0          0          0          0          0          0          0          0          0          0          0          0          0          0          0  IR-PCI-MSI 1050634-edge      enp2s0f1-TxRx-10
 123:          0          0          0          0          0          0          0          0          0          0          0    1200410          0          0          0          0          0          0          0          0          0          0          0          0          0          0          0          0          0          0          0          0          0          0          0          0          0          0          0          0  IR-PCI-MSI 1050635-edge      enp2s0f1-TxRx-11
 124:          0          0          0          0          0          0          0          0          0          0          0          0    1193961          0          0          0          0          0          0          0          0          0          0          0          0          0          0          0          0          0          0          0          0          0          0          0          0          0          0          0  IR-PCI-MSI 1050636-edge      enp2s0f1-TxRx-12
 125:          0          0          0          0          0          0          0          0          0          0          0          0          0    1183795          0          0          0          0          0          0          0          0          0          0          0          0          0          0          0          0          0          0          0          0          0          0          0          0          0          0  IR-PCI-MSI 1050637-edge      enp2s0f1-TxRx-13
 126:          0          0          0          0          0          0          0          0          0          0          0          0          0          0    1232533          0          0          0          0          0          0          0          0          0          0          0          0          0          0          0          0          0          0          0          0          0          0          0          0          0  IR-PCI-MSI 1050638-edge      enp2s0f1-TxRx-14
 127:          0          0          0          0          0          0          0          0          0          0          0          0          0          0          0    1194461          0          0          0          0          0          0          0          0          0          0          0          0          0          0          0          0          0          0          0          0          0          0          0          0  IR-PCI-MSI 1050639-edge      enp2s0f1-TxRx-15
 128:          0          0          0          0          0          0          0          0          0          0          0          0          0          0          0          0     156198          0          0          0          0          0          0          0          0          0          0          0          0          0          0          0          0          0          0          0          0          0          0          0  IR-PCI-MSI 1050640-edge      enp2s0f1-TxRx-16
 129:          0          0          0          0          0          0          0          0          0          0          0          0          0          0          0          0          0     138674          0          0          0          0          0          0          0          0          0          0          0          0          0          0          0          0          0          0          0          0          0          0  IR-PCI-MSI 1050641-edge      enp2s0f1-TxRx-17
 130:          0          0          0          0          0          0          0          0          0          0          0          0          0          0          0          0          0          0     131383          0          0          0          0          0          0          0          0          0          0          0          0          0          0          0          0          0          0          0          0          0  IR-PCI-MSI 1050642-edge      enp2s0f1-TxRx-18
 131:          0          0          0          0          0          0          0          0          0          0          0          0          0          0          0          0          0          0          0     132272          0          0          0          0          0          0          0          0          0          0          0          0          0          0          0          0          0          0          0          0  IR-PCI-MSI 1050643-edge      enp2s0f1-TxRx-19
 132:          0          0          0          0          0          0          0          0          0          0          0          0          0          0          0          0          0          0          0          0     156043          0          0          0          0          0          0          0          0          0          0          0          0          0          0          0          0          0          0          0  IR-PCI-MSI 1050644-edge      enp2s0f1-TxRx-20
 133:          0          0          0          0          0          0          0          0          0          0          0          0          0          0          0          0          0          0          0          0          0     139209          0          0          0          0          0          0          0          0          0          0          0          0          0          0          0          0          0          0  IR-PCI-MSI 1050645-edge      enp2s0f1-TxRx-21
 134:          0          0          0          0          0          0          0          0          0          0          0          0          0          0          0          0          0          0          0          0          0          0     135738          0          0          0          0          0          0          0          0          0          0          0          0          0          0          0          0          0  IR-PCI-MSI 1050646-edge      enp2s0f1-TxRx-22
 135:          0          0          0          0          0          0          0          0          0          0          0          0          0          0          0          0          0          0          0          0          0          0          0     134640          0          0          0          0          0          0          0          0          0          0          0          0          0          0          0          0  IR-PCI-MSI 1050647-edge      enp2s0f1-TxRx-23
 136:          0          0          0          0          0          0          0          0          0          0          0          0          0          0          0          0          0          0          0          0          0          0          0          0     133289          0          0          0          0          0          0          0          0          0          0          0          0          0          0          0  IR-PCI-MSI 1050648-edge      enp2s0f1-TxRx-24
 137:          0          0          0          0          0          0          0          0          0          0          0          0          0          0          0          0          0          0          0          0          0          0          0          0          0     132307          0          0          0          0          0          0          0          0          0          0          0          0          0          0  IR-PCI-MSI 1050649-edge      enp2s0f1-TxRx-25
 138:          0          0          0          0          0          0          0          0          0          0          0          0          0          0          0          0          0          0          0          0          0          0          0          0          0          0     130710          0          0          0          0          0          0          0          0          0          0          0          0          0  IR-PCI-MSI 1050650-edge      enp2s0f1-TxRx-26
 139:          0          0          0          0          0          0          0          0          0          0          0          0          0          0          0          0          0          0          0          0          0          0          0          0          0          0          0     126041          0          0          0          0          0          0          0          0          0          0          0          0  IR-PCI-MSI 1050651-edge      enp2s0f1-TxRx-27
 140:          0          0          0          0          0          0          0          0          0          0          0          0          0          0          0          0          0          0          0          0          0          0          0          0          0          0          0          0     130149          0          0          0          0          0          0          0          0          0          0          0  IR-PCI-MSI 1050652-edge      enp2s0f1-TxRx-28
 141:          0          0          0          0          0          0          0          0          0          0          0          0          0          0          0          0          0          0          0          0          0          0          0          0          0          0          0          0          0     129275          0          0          0          0          0          0          0          0          0          0  IR-PCI-MSI 1050653-edge      enp2s0f1-TxRx-29
 142:          0          0          0          0          0          0          0          0          0          0          0          0          0          0          0          0          0          0          0          0          0          0          0          0          0          0          0          0          0          0     132105          0          0          0          0          0          0          0          0          0  IR-PCI-MSI 1050654-edge      enp2s0f1-TxRx-30
 143:          0          0          0          0          0          0          0          0          0          0          0          0          0          0          0          0          0          0          0          0          0          0          0          0          0          0          0          0          0          0          0     126419          0          0          0          0          0          0          0          0  IR-PCI-MSI 1050655-edge      enp2s0f1-TxRx-31
 144:          0          0          0          0          0          0          0          0          0          0          0          0          0          0          0          0          0          0          0          0          0          0          0          0          0          0          0          0          0          0          0          0     128316          0          0          0          0          0          0          0  IR-PCI-MSI 1050656-edge      enp2s0f1-TxRx-32
 145:          0          0          0          0          0          0          0          0          0          0          0          0          0          0          0          0          0          0          0          0          0          0          0          0          0          0          0          0          0          0          0          0          0     125625          0          0          0          0          0          0  IR-PCI-MSI 1050657-edge      enp2s0f1-TxRx-33
 146:          0          0          0          0          0          0          0          0          0          0          0          0          0          0          0          0          0          0          0          0          0          0          0          0          0          0          0          0          0          0          0          0          0          0     123785          0          0          0          0          0  IR-PCI-MSI 1050658-edge      enp2s0f1-TxRx-34
 147:          0          0          0          0          0          0          0          0          0          0          0          0          0          0          0          0          0          0          0          0          0          0          0          0          0          0          0          0          0          0          0          0          0          0          0     122461          0          0          0          0  IR-PCI-MSI 1050659-edge      enp2s0f1-TxRx-35
 148:          0          0          0          0          0          0          0          0          0          0          0          0          0          0          0          0          0          0          0          0          0          0          0          0          0          0          0          0          0          0          0          0          0          0          0          0     126641          0          0          0  IR-PCI-MSI 1050660-edge      enp2s0f1-TxRx-36
 149:          0          0          0          0          0          0          0          0          0          0          0          0          0          0          0          0          0          0          0          0          0          0          0          0          0          0          0          0          0          0          0          0          0          0          0          0          0     123825          0          0  IR-PCI-MSI 1050661-edge      enp2s0f1-TxRx-37
 150:          0          0          0          0          0          0          0          0          0          0          0          0          0          0          0          0          0          0          0          0          0          0          0          0          0          0          0          0          0          0          0          0          0          0          0          0          0          0     124713          0  IR-PCI-MSI 1050662-edge      enp2s0f1-TxRx-38
 151:          0          0          0          0          0          0          0          0          0          0          0          0          0          0          0          0          0          0          0          0          0          0          0          0          0          0          0          0          0          0          0          0          0          0          0          0          0          0          0     122749  IR-PCI-MSI 1050663-edge      enp2s0f1-TxRx-39
 152:        313          0          0          0          0          0          0          0          0          0          0          0          0          0          0          0          0          0          0          0          0          0          0          0          0          0          0          0          0          0          0          0          0          0          0          0          0          0          0          0  IR-PCI-MSI 1050664-edge      enp2s0f1
 NMI:        169        103        102        104        102        101        101        115        134        131        122         89         88         93         90         89         70         64         62         63         87         77         75         73         72         73         71         69         71         70         59         59         59         59         58         59         58         57         56         55   Non-maskable interrupts
 LOC:   16476904    7542655    7467630    7443199    7595204    7515681    7563924    8056103    7630129    7529051    6187815    6085391    6104623    6103034    6155772    6213550    4156549    3827582    3799945    3627807    6158222    5898469    5727396    5573372    5420678    5276838    5326882    5186166    5158742    5173917    3543007    3522175    3385587    3384768    3277709    3346072    3335363    3225967    3161046    3150095   Local timer interrupts
 SPU:          0          0          0          0          0          0          0          0          0          0          0          0          0          0          0          0          0          0          0          0          0          0          0          0          0          0          0          0          0          0          0          0          0          0          0          0          0          0          0          0   Spurious interrupts
 PMI:        169        103        102        104        102        101        101        115        134        131        122         89         88         93         90         89         70         64         62         63         87         77         75         73         72         73         71         69         71         70         59         59         59         59         58         59         58         57         56         55   Performance monitoring interrupts
 IWI:          8          0          0          0          0          0          0          0          0          0          0          0          0          0          0          0          0          0          0          0          0          0          0          0          0          0          0          0          0          0          0          0          0          0          0          0          0          0          0          0   IRQ work interrupts
 RTR:          0          0          0          0          0          0          0          0          0          0          0          0          0          0          0          0          0          0          0          0          0          0          0          0          0          0          0          0          0          0          0          0          0          0          0          0          0          0          0          0   APIC ICR read retries
 RES:     906762     168899     104729      96372      89443      82091      80620      82295      74187      75737      71637      69374      76915      73766      73552      69172      37439      38000      35730      37817      64684      62103      61780      67882      65799      63383      59839      54113      59265      56709      35849      40038      33726      35700      37315      32843      33240      30675      29450      30887   Rescheduling interrupts
 CAL:     139972     137797     111994     114890     103103     123695     105807     104880     101089      97578     155508     144038     124486     116615     116807     117577     107273     103456     105650     102997      92560      93100      91373      87104      81610      80771      79098      79129      75902      76541      93620      90829      95372      86047      89482     126306      94716      87558      83848      84478   Function call interrupts
 TLB:     142180     138915     111051     111581      98639     119637     102294     100488      97973      95889     154970     136203     117020     112171     113753     110579      99093      95369      99379      96755      84596      85104      84321      78621      73563      72137      70453      69222      65051      65338      83161      82017      86308      76418      80092      76783      75820      72963      69951      69487   TLB shootdowns
 TRM:          0          0          0          0          0          0          0          0          0          0          0          0          0          0          0          0          0          0          0          0          0          0          0          0          0          0          0          0          0          0          0          0          0          0          0          0          0          0          0          0   Thermal event interrupts
 THR:          0          0          0          0          0          0          0          0          0          0          0          0          0          0          0          0          0          0          0          0          0          0          0          0          0          0          0          0          0          0          0          0          0          0          0          0          0          0          0          0   Threshold APIC interrupts
 DFR:          0          0          0          0          0          0          0          0          0          0          0          0          0          0          0          0          0          0          0          0          0          0          0          0          0          0          0          0          0          0          0          0          0          0          0          0          0          0          0          0   Deferred Error APIC interrupts
 MCE:          0          0          0          0          0          0          0          0          0          0          0          0          0          0          0          0          0          0          0          0          0          0          0          0          0          0          0          0          0          0          0          0          0          0          0          0          0          0          0          0   Machine check exceptions
 MCP:        488        488        488        488        488        488        488        488        488        488        488        488        488        488        488        488        488        488        488        488        488        488        488        488        488        488        488        488        488        488        488        488        488        488        488        488        488        488        488        488   Machine check polls
 ERR:          0
 MIS:          0
 PIN:          0          0          0          0          0          0          0          0          0          0          0          0          0          0          0          0          0          0          0          0          0          0          0          0          0          0          0          0          0          0          0          0          0          0          0          0          0          0          0          0   Posted-interrupt notification event
 NPI:          0          0          0          0          0          0          0          0          0          0          0          0          0          0          0          0          0          0          0          0          0          0          0          0          0          0          0          0          0          0          0          0          0          0          0          0          0          0          0          0   Nested posted-interrupt event
 PIW:          0          0          0          0          0          0          0          0          0          0          0          0          0          0          0          0          0          0          0          0          0          0          0          0          0          0          0          0          0          0          0          0          0          0          0          0          0          0          0          0   Posted-interrupt wakeup event
