            CPU0       CPU1       CPU2       CPU3       CPU4       CPU5       CPU6       CPU7       CPU8       CPU9       CPU10      CPU11      CPU12      CPU13      CPU14      CPU15      CPU16      CPU17      CPU18      CPU19      CPU20      CPU21      CPU22      CPU23      CPU24      CPU25      CPU26      CPU27      CPU28      CPU29      CPU30      CPU31      
   0:         95          0          0          0          0          0          0          0          0          0          0          0          0          0          0          0          0          0          0          0          0          0          0          0          0          0          0          0          0          0          0          0  IR-IO-APIC    2-edge      timer
   3:        638          0          0          0          0          0          0          0        226          0          0          0          0          0          0          0          0          0          0          0          0          0          0          0          0          0          0          0          0          0          0          0  IR-IO-APIC    3-edge      ttyS1
   8:        112          0          0          0          0          0          0          0      44075          0          0          0          0          0          0          0          0          0          0          0          0          0          0          0          0          0          0          0          0          0          0          0  IR-IO-APIC    8-edge      rtc0
   9:         22       1088          0          0          0          0          0          0     174239          0          0          0          0          0          0          0          0          0          0          0          0          0          0          0          0          0          0          0          0          0          0          0  IR-IO-APIC    9-fasteoi   acpi
  18:         70          0          0          0          0          0          0          0          0          0          0          0          0          0          0          0          0          0          0          0          0          0          0          0          0          0          0          0          0          0          0          0  IR-IO-APIC   18-fasteoi   ehci_hcd:usb1, ehci_hcd:usb2
  19:         52          0          0          0          0          0          0          0          0          0          0          0          0          0          0          0          0          0          0          0          0          0          0          0          0          0          0          0          0          0          0          0  IR-IO-APIC   19-fasteoi   xhci-hcd:usb3
  25:          0          0          0          0          0          0          0          0          0          0          0          0          0          0          0          0          0          0          0          0          0          0          0          0          0          0          0          0          0          0          0          0  IR-PCI-MSI 16384-edge      PCIe PME
  27:          0          0          0          0          0          0          0          0          0          0          0          0          0          0          0          0          0          0          0          0          0          0          0          0          0          0          0          0          0          0          0          0  IR-PCI-MSI 32768-edge      PCIe PME
  29:          0          0          0          0          0          0          0          0          0          0          0          0          0          0          0          0          0          0          0          0          0          0          0          0          0          0          0          0          0          0          0          0  IR-PCI-MSI 49152-edge      PCIe PME
  30:          0          0          0          0          0          0          0          0          0          0          0          0          0          0          0          0          0          0          0          0          0          0          0          0          0          0          0          0          0          0          0          0  IR-PCI-MSI 53248-edge      PCIe PME
  31:          0          0          0          0          0          0          0          0          0          0          0          0          0          0          0          0          0          0          0          0          0          0          0          0          0          0          0          0          0          0          0          0  IR-PCI-MSI 458752-edge      PCIe PME, pciehp
  32:          0          0          0          0          0          0          0          0          0          0          0          0          0          0          0          0          0          0          0          0          0          0          0          0          0          0          0          0          0          0          0          0  IR-PCI-MSI 466944-edge      PCIe PME
  33:          0          0          0          0          0          0          0          0          0          0          0          0          0          0          0          0          0          0          0          0          0          0          0          0          0          0          0          0          0          0          0          0  IR-PCI-MSI 286720-edge      ahci[0000:00:11.4]
  34:      11949          0          0    2398891          0          0          0          0          0          0          0          0          0          0          0          0          0          0          0          0          0          0          0          0          0          0          0          0          0          0          0          0  IR-PCI-MSI 512000-edge      ahci[0000:00:1f.2]
  35:          4          0          0          0          0          0          0          0          0          0          0          0          0          0          0          0          0          0          0          0          0          0          0          0          0          0          0          0          0          0          0          0  IR-PCI-MSI 1048576-edge      mlx5_pages_eq@pci:0000:02:00.0
  36:        890     146179       5379      66821       9837     122246      73964     109406          0          0          0          0          0          0          0          0      11099      27311       8105     221845          0      19854     414238          0          0          0          0          0          0          0          0          0  IR-PCI-MSI 1048577-edge      mlx5_cmd_eq@pci:0000:02:00.0
  37:          1          0          0          0          0          0          0          0          0          0          0          0          0          0          0          0          0          0          0          0          0          0          0          0          0          0          0          0          0          0          0          0  IR-PCI-MSI 1048578-edge      mlx5_async_eq@pci:0000:02:00.0
  38:          0          0          0          0          0          0          0          0          0          0          0          0          0          0          0          0          0          0          0          0          0          0          0          0          0          0          0          0          0          0          0          0  IR-PCI-MSI 1048579-edge      mlx5_page_fault_eq@pci:0000:02:
  39:         30      13886       7547      15305      26001       4343       8480      45532          0          0          0          0          0          0          0          0      15781       8744       6240       6812      21054      15932      26275     216891          0          0          0          0          0          0          0          0  IR-PCI-MSI 1048580-edge      enp2s0f0-0
  40:          0      22183      16949      30442      23550      27230      22766      51549          0          0          0          0          0          0          0          0      19359       4502       8874      38368      27698      25360      19266     154730          0          0          0          0          0          0          0          0  IR-PCI-MSI 1048581-edge      enp2s0f0-1
  41:          0      22939      38449      23527      24457      26129      21378      94605          0          0          0          0          0          0          0          0      13377      11998      49971      84313      22144      42573      20473      38455          0          0          0          0          0          0          0          0  IR-PCI-MSI 1048582-edge      enp2s0f0-2
  42:          0      18825      21198      27166      61336      32024      52140      81928          0          0          0          0          0          0          0          0      23138      26272      31954      54495      27326      36664      15828      25356          0          0          0          0          0          0          0          0  IR-PCI-MSI 1048583-edge      enp2s0f0-3
  43:          0      39981      24289      11655      14596      35086      69944      36237          0          0          0          0          0          0          0          0      38053          0      42786      33160      11431      65990       9714     320218          0          0          0          0          0          0          0          0  IR-PCI-MSI 1048584-edge      enp2s0f0-4
  44:          0      29921      10436      32583      58497      38919      69688      64364          0          0          0          0          0          0          0          0      25989      10245      28278      29185      13855      58890       3262      91353          0          0          0          0          0          0          0          0  IR-PCI-MSI 1048585-edge      enp2s0f0-5
  45:          0      39229      65090      25644      53317      65194      25004     119707          0          0          0          0          0          0          0          0      66373      36251      69673      83340      20659      49093       7903          0          0          0          0          0          0          0          0          0  IR-PCI-MSI 1048586-edge      enp2s0f0-6
  46:          0      44232      16643      33536       6396      84802      27198     163707          0          0          0          0          0          0          0          0      14283      65454      43943     113793       6174      69559      21587      78492          0          0          0          0          0          0          0          0  IR-PCI-MSI 1048587-edge      enp2s0f0-7
  47:          0      28634      25998      72370      39562      58114      43410     117459          0          0          0          0          0          0          0          0       6328     110343      43889      76233      45858      41347      59268          0          0          0          0          0          0          0          0          0  IR-PCI-MSI 1048588-edge      enp2s0f0-8
  48:          0      39831      11079      21227      30512      43232      20816      42083          0          0          0          0          0          0          0          0      18145      57982       4894      22831      22648      36417      18904     157147          0          0          0          0          0          0          0          0  IR-PCI-MSI 1048589-edge      enp2s0f0-9
  49:          0      33863      36031      41832      32362      52006      20369     101003          0          0          0          0          0          0          0          0      22319      26240      29185      44215      24154      49913      34181          0          0          0          0          0          0          0          0          0  IR-PCI-MSI 1048590-edge      enp2s0f0-10
  50:          0      20030      39351      48704      33612      22741      38125      91750          0          0          0          0          0          0          0          0      33434      68321      36437     104298       9787      65292      12812          0          0          0          0          0          0          0          0          0  IR-PCI-MSI 1048591-edge      enp2s0f0-11
  51:          0      23272      52253      26093      60197      16660      50272      76467          0          0          0          0          0          0          0          0      48269      67649      37740      23781      31031      56022      26773          0          0          0          0          0          0          0          0          0  IR-PCI-MSI 1048592-edge      enp2s0f0-12
  52:          0      58080      23953      39325      48912      69756      40998      89628          0          0          0          0          0          0          0          0      34328       6153      23280     136675      24355      36397      59230          0          0          0          0          0          0          0          0          0  IR-PCI-MSI 1048593-edge      enp2s0f0-13
  53:          0      19111      19139      18142      71585      29604      38424     105132          0          0          0          0          0          0          0          0       9779      70246      58358      30436      31735      43539      26036      34386          0          0          0          0          0          0          0          0  IR-PCI-MSI 1048594-edge      enp2s0f0-14
  54:          0     143853     317502      49140     207765     189081      25891     177566          0          0          0          0          0          0          0          0      32734       7479     115074     128688       9606      35421       2904      42044          0          0          0          0          0          0          0          0  IR-PCI-MSI 1048595-edge      enp2s0f0-15
  55:          0       2396       8462       7880      13113      11369       6621      21982          4          0          0          0          0          0          0          0      11481       5457      14298       8426       4913       9290      12403     137034          0          0          0          0          0          0          0          0  IR-PCI-MSI 1048596-edge      enp2s0f0-16
  56:          0       7813       7705      16488      10519      10471      16957      12258          0         13          0          0          0          0          0          0      17928       7863      15162      11006      13016      13713      20070          0          0          0          0          0          0          0          0          0  IR-PCI-MSI 1048597-edge      enp2s0f0-17
  57:          0       2186       4686       8741       6059       6321       2976      17183          0          0         14          0          0          0          0          0       5514       9412       1384       3933       2167       9478       3113     166787          0          0          0          0          0          0          0          0  IR-PCI-MSI 1048598-edge      enp2s0f0-18
  58:          0       5661       6569      15396      14171       8520      11558      12827          0          0          0         15          0          0          0          0      15151       2409       8708       6710       2348      20126      10115      50852          0          0          0          0          0          0          0          0  IR-PCI-MSI 1048599-edge      enp2s0f0-19
  59:          0       9419       7285      19697      15769      10230      18107      30725          0          0          0          0         15          0          0          0      16290       8000       2052      14829       8948      16737       8497      53611          0          0          0          0          0          0          0          0  IR-PCI-MSI 1048600-edge      enp2s0f0-20
  60:          0      62819      26922      52236      23116      98744      42844     137669          0          0          0          0          0         16          0          0      59848      70432       1456      61796     103144     109602      48676          0          0          0          0          0          0          0          0          0  IR-PCI-MSI 1048601-edge      enp2s0f0-21
  61:          0       9030       2222      17891      29451      25790      11202      19454          0          0          0          0          0          0         16          0      22381      36348      17941      11599      22104      14224      10802      22917          0          0          0          0          0          0          0          0  IR-PCI-MSI 1048602-edge      enp2s0f0-22
  62:          0       3137       1768       9562       7390       6357       9558       7577          0          0          0          0          0          0          0         16       6486       2815       2642       4332       2819       6030       9335     119843          0          0          0          0          0          0          0          0  IR-PCI-MSI 1048603-edge      enp2s0f0-23
  63:          0       7695      14601      18818      29921      10548      16553      13222          0          0          0          0          0          0          0          0      23909       5184       6003       8072      18693      16240      21094      34766         13          0          0          0          0          0          0          0  IR-PCI-MSI 1048604-edge      enp2s0f0-24
  64:          0       8217       4663      10635       9226      13254      10332      13386          0          0          0          0          0          0          0          0      11150       7338       5958       7579       4911      10527      17753      48372          0         16          0          0          0          0          0          0  IR-PCI-MSI 1048605-edge      enp2s0f0-25
  65:          0       7649       5596      27381       6249       9549      12658      45225          0          0          0          0          0          0          0          0      14211       2067      15190      23920       4879      30349       9529      39816          0          0         16          0          0          0          0          0  IR-PCI-MSI 1048606-edge      enp2s0f0-26
  66:          0       8557       5632      13581      12642       9478      20350       8618          0          0          0          0          0          0          0          0      14906       5535       8297       8682       8188      13474       8761      37111          0          0          0         16          0          0          0          0  IR-PCI-MSI 1048607-edge      enp2s0f0-27
  67:          0       9144       6794      26263       9294      12142      18170      46739          0          0          0          0          0          0          0          0      15618       7304       7730       7457       9294      28241      29985      17123          0          0          0          0         18          0          0          0  IR-PCI-MSI 1048608-edge      enp2s0f0-28
  68:          0       3336       7876      10002      12593       5878      13212      12310          0          0          0          0          0          0          0          0      21361      12372       4771      11254      12663      20081      12945      25810          0          0          0          0          0         16          0          0  IR-PCI-MSI 1048609-edge      enp2s0f0-29
  69:          0       7953       7250      24703      12378      12435      15992      32585          0          0          0          0          0          0          0          0      25380       9786      11264      17092       6393      15082      13208      37318          0          0          0          0          0          0         17          0  IR-PCI-MSI 1048610-edge      enp2s0f0-30
  70:          0       4970       8571      21195      10187      12657      15610      19379          0          0          0          0          0          0          0          0      14223       8107       6176      14743       9320      24318       6857       4582          0          0          0          0          0          0          0         16  IR-PCI-MSI 1048611-edge      enp2s0f0-31
  72:          0          0          0          0          0          0          0          0          0          0          0          0          0          0          0          0          0          0          0          0          0          0          0          0          0          0          0          0          0          0          0          0  DMAR-MSI    0-edge      dmar0
  73:          0          0          0          0          0          0          0          0          0          0          0          0          0          0          0          0          0          0          0          0          0          0          0          0          0          0          0          0          0          0          0          0  DMAR-MSI    1-edge      dmar1
  74:          3          0          0          0          0          0          0          0          0          0          0          0          0          0          0          0          0          0          0          0          0          0          0          0          0          0          0          0          0          0          0          0  IR-PCI-MSI 1050624-edge      mlx5_pages_eq@pci:0000:02:00.1
  75:        809          0     554699      36566      34506      32365      24892     129514          0          0          0          0          0          0          0          0      13183     214335     160401          0      15385      24869          0          0          0          0          0          0          0          0          0          0  IR-PCI-MSI 1050625-edge      mlx5_cmd_eq@pci:0000:02:00.1
  76:          1          0          0          0          0          0          0          0          0          0          0          0          0          0          0          0          0          0          0          0          0          0          0          0          0          0          0          0          0          0          0          0  IR-PCI-MSI 1050626-edge      mlx5_async_eq@pci:0000:02:00.1
  77:          0          0          0          0          0          0          0          0          0          0          0          0          0          0          0          0          0          0          0          0          0          0          0          0          0          0          0          0          0          0          0          0  IR-PCI-MSI 1050627-edge      mlx5_page_fault_eq@pci:0000:02:
  78:         21       4128      11298       7531      26218      11804      17849      15794          0          0          0          0          0          0          0          0      29755       3946      19238       5203      19282      20504      10173      93176          0          0          0          0          0          0          0          0  IR-PCI-MSI 1050628-edge      enp2s0f1-0
  79:          0      78605      52702      31519       8061      19468      89797      88411          0          0          0          0          0          0          0          0     106430       1449      63892      49506      68289      91028     101352          0          0          0          0          0          0          0          0          0  IR-PCI-MSI 1050629-edge      enp2s0f1-1
  80:          0      12211      28013      20145      44070      24807      30823      28633          0          0          0          0          0          0          0          0      23580      21613      42231      22839      25168      35336       8611      20563          0          0          0          0          0          0          0          0  IR-PCI-MSI 1050630-edge      enp2s0f1-2
  81:          0      21077      13065      17146      98989      27180      32028      34920          0          0          0          0          0          0          0          0      42945      65072      18998       9737      11901      45523      80481          0          0          0          0          0          0          0          0          0  IR-PCI-MSI 1050631-edge      enp2s0f1-3
  82:          0      22389      37429      11104      57245      20619      38440      78715          0          0          0          0          0          0          0          0      45705      10082      30142       8138      21617      41507       3228     164646          0          0          0          0          0          0          0          0  IR-PCI-MSI 1050632-edge      enp2s0f1-4
  83:          0      10171      41942      17215      55755      22517      15401      63972          0          0          0          0          0          0          0          0      63872      25344      16525      22495      63049      93934      40814          0          0          0          0          0          0          0          0          0  IR-PCI-MSI 1050633-edge      enp2s0f1-5
  84:          0       7410       3466      11513      29435      57629      35968      32958          0          0          0          0          0          0          0          0      46762      26916      39490      52762      44672      37372      34249      14665          0          0          0          0          0          0          0          0  IR-PCI-MSI 1050634-edge      enp2s0f1-6
  85:          0      42004       7958      27302      72013      64669      59568      78873          0          0          0          0          0          0          0          0      52387      62459       5285     155934      49574      74675      53550          0          0          0          0          0          0          0          0          0  IR-PCI-MSI 1050635-edge      enp2s0f1-7
  86:          0      19434      37187      24904      25857      29269       3070      27340          0          0          0          0          0          0          0          0      37925      12394      60550        935       5245      10153      10611     261714          0          0          0          0          0          0          0          0  IR-PCI-MSI 1050636-edge      enp2s0f1-8
  87:          0      28281      26265      30671      16369      38045      11321      93092          0          0          0          0          0          0          0          0      51208      28283      32620      46469      45166      36805      13743          0          0          0          0          0          0          0          0          0  IR-PCI-MSI 1050637-edge      enp2s0f1-9
  88:          0       1519       1014       6021      11630       2703      16624       7528          0          0          0          0          0          0          0          0      20714      31012      16255       2295       3747      33656       4636     278058          0          0          0          0          0          0          0          0  IR-PCI-MSI 1050638-edge      enp2s0f1-10
  89:          0      19221      10787      16024      32531      20397      29960      29764          0          0          0          0          0          0          0          0      29515      39423       8734      26125      88716      11449      11641     147051          0          0          0          0          0          0          0          0  IR-PCI-MSI 1050639-edge      enp2s0f1-11
  90:          0       8561       6544       8959      19318      58046      11866      32156          0          0          0          0          0          0          0          0      42942      11880      19222       8236     102650      30477      37071      36721          0          0          0          0          0          0          0          0  IR-PCI-MSI 1050640-edge      enp2s0f1-12
  91:          0          0          0       7568      17548      13051       2268        507          0          0          0          0          0          0          0          0      29910          0          0          0          0      53440          0     523242          0          0          0          0          0          0          0          0  IR-PCI-MSI 1050641-edge      enp2s0f1-13
  92:          0      22201      33439      13055      92258       5692      10028      38433          0          0          0          0          0          0          0          0      49387       4911      11680      23736      16400      48216      31280      46750          0          0          0          0          0          0          0          0  IR-PCI-MSI 1050642-edge      enp2s0f1-14
  93:          0          0          0          0     207829          0    1186051     396985          0          0          0          0          0          0          0          0          0          0          0          0     252010      21234          0          9          0          0          0          0          0          0          0          0  IR-PCI-MSI 1050643-edge      enp2s0f1-15
  94:          0       3576       6053       6887      11499      10736      10104       6730          8          0          0          0          0          0          0          0      21920       5903       2419      12296       3878      23889      15346      35575          0          0          0          0          0          0          0          0  IR-PCI-MSI 1050644-edge      enp2s0f1-16
  95:          0      10078      15246      12936      16914       3534       7784       9348          0          8          0          0          0          0          0          0      19323      12200       5269      13975       5241       7428       3584     101135          0          0          0          0          0          0          0          0  IR-PCI-MSI 1050645-edge      enp2s0f1-17
  96:          0       2248       6542       2277       4419       4627       8315       1118          0          0          8          0          0          0          0          0      13537       2601       3389       6371       8886       8905       5029      82445          0          0          0          0          0          0          0          0  IR-PCI-MSI 1050646-edge      enp2s0f1-18
  97:          0       5143      16762       9477      12448       9760      12240      12979          0          0          0          8          0          0          0          0      29358      15664       1971      10083       1360      12248       3245      86378          0          0          0          0          0          0          0          0  IR-PCI-MSI 1050647-edge      enp2s0f1-19
  98:          0       1178       1226        496       2632       1518       2046        302          0          0          0          0          8          0          0          0      11510       1506        612        627          0        458       4566     131800          0          0          0          0          0          0          0          0  IR-PCI-MSI 1050648-edge      enp2s0f1-20
  99:          0     134502       5165       5710          0          0          0      24099          0          0          0          0          0          8          0          0      81527          0          0      86774          0        514      69529    1185997          0          0          0          0          0          0          0          0  IR-PCI-MSI 1050649-edge      enp2s0f1-21
 100:          0       1481        932       4005       1467       6322       2428          0          0          0          0          0          0          0          8          0      14971       5524       1151        191       1571       2223       4303     113060          0          0          0          0          0          0          0          0  IR-PCI-MSI 1050650-edge      enp2s0f1-22
 101:          0       2847       4296      13513      17989      11484       6069       8558          0          0          0          0          0          0          0          8      10793      10217       3565      18512      11717       6994       8735      91581          0          0          0          0          0          0          0          0  IR-PCI-MSI 1050651-edge      enp2s0f1-23
 102:          0       2262       1638       2867       6839       3300       2996        664          0          0          0          0          0          0          0          0       6433        493       5379       2528       5526       5421       3036     113255         10          0          0          0          0          0          0          0  IR-PCI-MSI 1050652-edge      enp2s0f1-24
 103:          0      19318      13089      11109      13356      14014      14787       9368          0          0          0          0          0          0          0          0      32231      17968      12969      13625       8088      19863      16387      13174          0          8          0          0          0          0          0          0  IR-PCI-MSI 1050653-edge      enp2s0f1-25
 104:          0       3374       1761        634       2044       2139        698        550          0          0          0          0          0          0          0          0       5381       1220        631       1231       1496       3410       1372     136836          0          0          8          0          0          0          0          0  IR-PCI-MSI 1050654-edge      enp2s0f1-26
 105:          0       3291       6371      13974      28468      14856      22787       8848          0          0          0          0          0          0          0          0      17702      14090      14939       4954       5922       8537       7988      42637          0          0          0          8          0          0          0          0  IR-PCI-MSI 1050655-edge      enp2s0f1-27
 106:          0        207       1520        870       1004       3213       2617       2241          0          0          0          0          0          0          0          0       1818       2023         41          0       2331       1947        337     146748          0          0          0          0          8          0          0          0  IR-PCI-MSI 1050656-edge      enp2s0f1-28
 107:          0       6486      10082      12209      34732      19999       9295       5789          0          0          0          0          0          0          0          0      32304       7915      15944      15006       5873      25755      13837       6861          0          0          0          0          0          8          0          0  IR-PCI-MSI 1050657-edge      enp2s0f1-29
 108:          0        645       1186        939          0        985         95       1455          0          0          0          0          0          0          0          0       2801        296         16        574       1831       1970        498     145599          0          0          0          0          0          0          8          0  IR-PCI-MSI 1050658-edge      enp2s0f1-30
 109:          0       7618      12527       7460      20820       7598       8549      13783          0          0          0          0          0          0          0          0      29416       4519      10054      10730      13439      11225      23399      45675          0          0          0          0          0          0          0          8  IR-PCI-MSI 1050659-edge      enp2s0f1-31
 111:          2          0          0          0          0          0          0          0          0          0          0          0          0          0          0          0          0          0          0          0          0          0          0          0          0          0          0          0          0          0          0          0  IR-PCI-MSI 65536-edge      ioat-msix
 113:          2          0          0          0          0          0          0          0          0          0          0          0          0          0          0          0          0          0          0          0          0          0          0          0          0          0          0          0          0          0          0          0  IR-PCI-MSI 67584-edge      ioat-msix
 114:          2          0          0          0          0          0          0          0          0          0          0          0          0          0          0          0          0          0          0          0          0          0          0          0          0          0          0          0          0          0          0          0  IR-PCI-MSI 69632-edge      ioat-msix
 115:          2          0          0          0          0          0          0          0          0          0          0          0          0          0          0          0          0          0          0          0          0          0          0          0          0          0          0          0          0          0          0          0  IR-PCI-MSI 71680-edge      ioat-msix
 116:          2          0          0          0          0          0          0          0          0          0          0          0          0          0          0          0          0          0          0          0          0          0          0          0          0          0          0          0          0          0          0          0  IR-PCI-MSI 73728-edge      ioat-msix
 117:          2          0          0          0          0          0          0          0          0          0          0          0          0          0          0          0          0          0          0          0          0          0          0          0          0          0          0          0          0          0          0          0  IR-PCI-MSI 75776-edge      ioat-msix
 118:          2          0          0          0          0          0          0          0          0          0          0          0          0          0          0          0          0          0          0          0          0          0          0          0          0          0          0          0          0          0          0          0  IR-PCI-MSI 77824-edge      ioat-msix
 119:          2          0          0          0          0          0          0          0          0          0          0          0          0          0          0          0          0          0          0          0          0          0          0          0          0          0          0          0          0          0          0          0  IR-PCI-MSI 79872-edge      ioat-msix
 122:          0          0          0          0          0          0          0          0          2          0          0          0          0          0          0          0          0          0          0          0          0          0          0          0          0          0          0          0          0          0          0          0  IR-PCI-MSI 67174400-edge      ioat-msix
 124:          0          0          0          0          0          0          0          0          2          0          0          0          0          0          0          0          0          0          0          0          0          0          0          0          0          0          0          0          0          0          0          0  IR-PCI-MSI 67176448-edge      ioat-msix
 134:          0          0          0          0          0          0          0          0          2          0          0          0          0          0          0          0          0          0          0          0          0          0          0          0          0          0          0          0          0          0          0          0  IR-PCI-MSI 67178496-edge      ioat-msix
 135:          0          0          0          0          0          0          0          0          2          0          0          0          0          0          0          0          0          0          0          0          0          0          0          0          0          0          0          0          0          0          0          0  IR-PCI-MSI 67180544-edge      ioat-msix
 136:          0          0          0          0          0          0          0          0          2          0          0          0          0          0          0          0          0          0          0          0          0          0          0          0          0          0          0          0          0          0          0          0  IR-PCI-MSI 67182592-edge      ioat-msix
 137:          0          0          0          0          0          0          0          0          2          0          0          0          0          0          0          0          0          0          0          0          0          0          0          0          0          0          0          0          0          0          0          0  IR-PCI-MSI 67184640-edge      ioat-msix
 138:          0          0          0          0          0          0          0          0          2          0          0          0          0          0          0          0          0          0          0          0          0          0          0          0          0          0          0          0          0          0          0          0  IR-PCI-MSI 67186688-edge      ioat-msix
 139:          0          0          0          0          0          0          0          0          2          0          0          0          0          0          0          0          0          0          0          0          0          0          0          0          0          0          0          0          0          0          0          0  IR-PCI-MSI 67188736-edge      ioat-msix
 NMI:         44         43         44         45         51         60         49         54         27         24         25         24         25         23         24         22         41         38         38         38         38         40         38         59         21         20         22         21         21         21         21         20   Non-maskable interrupts
 LOC:    5510921    5614092    5597394    5901473    5873508    5407254    5870516    6262536    1674176    1849768    1803642    1839836    1786622    1794407    1766120    1749760    6030847    5688998    5589480    5834177    5560588    5907000    5742805    8783995    1679474    1649922    1630520    1606210    1631508    1610353    1612321    1551129   Local timer interrupts
 SPU:          0          0          0          0          0          0          0          0          0          0          0          0          0          0          0          0          0          0          0          0          0          0          0          0          0          0          0          0          0          0          0          0   Spurious interrupts
 PMI:         44         43         44         45         51         60         49         54         27         24         25         24         25         23         24         22         41         38         38         38         38         40         38         59         21         20         22         21         21         21         21         20   Performance monitoring interrupts
 IWI:          1          0          0          0          0          1          0          0          0          0          0          0          0          0          0          0          0          0          0          0          0          0          0          0          0          0          0          0          0          0          0          0   IRQ work interrupts
 RTR:         15          0          0          0          0          0          0          0          0          0          0          0          0          0          0          0          0          0          0          0          0          0          0          0          0          0          0          0          0          0          0          0   APIC ICR read retries
 RES:     478896     122196      79155      66053      75129      66870      73651      63116      39929      47946      37634      37051      35872      41373      36303      33742      62568      66943      63986      58934      65057      66343      66391      83873      29061      35204      36495      31798      32452      30068      32177      30803   Rescheduling interrupts
 CAL:      70013      58510      55981      54858      58535      54160      52676      50416      84646      71566      68689      66035      60696      59819      60804      59997      49580      53537      52348      49706      49891      48630      49497      53221      56129      56373      55841      55541      54684      54996      53888      54711   Function call interrupts
 TLB:      68259      55991      53789      52401      56070      50525      49355      46879      82341      68787      65384      62430      57282      56198      56769      56590      45670      49870      48919      46124      45774      45215      46317      51467      51359      51335      50961      50846      50406      50982      49539      49424   TLB shootdowns
 TRM:          0          0          0          0          0          0          0          0          0          0          0          0          0          0          0          0          0          0          0          0          0          0          0          0          0          0          0          0          0          0          0          0   Thermal event interrupts
 THR:          0          0          0          0          0          0          0          0          0          0          0          0          0          0          0          0          0          0          0          0          0          0          0          0          0          0          0          0          0          0          0          0   Threshold APIC interrupts
 DFR:          0          0          0          0          0          0          0          0          0          0          0          0          0          0          0          0          0          0          0          0          0          0          0          0          0          0          0          0          0          0          0          0   Deferred Error APIC interrupts
 MCE:          0          0          0          0          0          0          0          0          0          0          0          0          0          0          0          0          0          0          0          0          0          0          0          0          0          0          0          0          0          0          0          0   Machine check exceptions
 MCP:        255        255        255        255        255        255        255        255        255        255        255        255        255        255        255        255        255        255        255        255        255        255        255        255        255        255        255        255        255        255        255        255   Machine check polls
 ERR:          0
 MIS:          0
 PIN:          0          0          0          0          0          0          0          0          0          0          0          0          0          0          0          0          0          0          0          0          0          0          0          0          0          0          0          0          0          0          0          0   Posted-interrupt notification event
 NPI:          0          0          0          0          0          0          0          0          0          0          0          0          0          0          0          0          0          0          0          0          0          0          0          0          0          0          0          0          0          0          0          0   Nested posted-interrupt event
 PIW:          0          0          0          0          0          0          0          0          0          0          0          0          0          0          0          0          0          0          0          0          0          0          0          0          0          0          0          0          0          0          0          0   Posted-interrupt wakeup event
